5797
5807
5808
5037
5809
5810
5811
5812
5813
5814
5815
5816
5817
5818
5819
5820
5821
5822
5823
5052
5824
5825
5826
5827
5828
5829
5830
5831
5832
5833
5834
5835
5839
5840
5069
5841
5842
5071
5843
5844
5845
5846
5847
5848
5849
5850
5851
5852
5853
5854
5855
5856
5857
4893
5858
5859
5860
4896
5861
5862
5863
5864
5865
5866
5098
5870
5872
5873
5874
5875
5876
5877
5878
5879
5880
5881
5882
5883
5111
5884
5112
5885
4920
5113
5886
5114
5887
5115
5888
5889
5890
5118
5891
5892
5893
5894
5895
5896
5897
5898
5899
5513
5900
5514
2233
5515
5516
5517
5518
4942
4943
5523
5138
1664
4946
4948
1684
342
4783
4784
1314
